1643141714770 0.22494294 0
1643141714779 0.47395724 1
1643141714787 0.69900393 2
1643141714796 0.81687075 3
1643141714805 0.89282006 4
1643141714814 0.9156464 5
1643141714822 0.9356713 6
1643141714831 0.93743515 7
1643141714840 0.9518572 8
1643141714849 0.947707 9
1643141714857 0.9588089 10
1643141714866 0.9582901 11
1643141714875 0.9455281 12
1643141714884 0.96856195 13
1643141714893 0.9725047 14
1643141714901 0.97987133 15
1643141714910 0.94988585 16
1643141714919 0.9830878 17
1643141714928 0.9682507 18
1643141714936 0.96565676 19
1643141714945 0.98972815 20
1643141714954 0.99429345 21
1643141714964 0.99138826 22
1643141714973 0.93909526 23
1643141714983 0.98339903 24
1643141714992 0.9929446 25
1643141715002 0.99045444 26
1643141715011 0.97157085 27
1643141715027 0.97582483 28
1643141715042 0.9860967 29
