1643141714768 2.6528728785023055 0
1643141714776 1.7460317308167053 1
1643141714785 0.9795636457015579 2
1643141714794 0.5950902560039734 3
1643141714803 0.35849465149400467 4
1643141714812 0.27899866788678024 5
1643141714820 0.21573971673068565 6
1643141714829 0.2135833187676092 7
1643141714838 0.16114305360697853 8
1643141714847 0.18229012568203212 9
1643141714855 0.16673014897206775 10
1643141714864 0.14175156174592568 11
1643141714873 0.2148710379752244 12
1643141714882 0.11529717864007012 13
1643141714890 0.09646462683299904 14
1643141714899 0.06523222788923232 15
1643141714908 0.21429536845406763 16
1643141714917 0.056903104289491455 17
1643141714925 0.13387804614355886 18
1643141714934 0.13666229756285816 19
1643141714943 0.032041729357863945 20
1643141714952 0.019233117404636593 21
1643141714961 0.03244083535385541 22
1643141714971 0.280656907328493 23
1643141714980 0.057725339315678414 24
1643141714990 0.024162003231407127 25
1643141715000 0.031173354363346874 26
1643141715009 0.12889646293339507 27
1643141715022 0.10377928117124642 28
1643141715040 0.06054879412347548 29
